# Fermy drobiu (id | nazwa | dzienna produkcja)
0 abcdefghikj 578
1 abcdefghjik 778
2 abcdefghjki 796
3 abcdefghkij 368
4 abcdefghkji 182
5 abcdefgihjk 303
6 abcdefgihkj 314
7 abcdefgijhk 211
8 abcdefgijkh 523
9 abcdefgikhj 901
10 abcdefgikjh 908
11 abcdefgjhik 525
12 abcdefgjhki 67
13 abcdefgjihk 892
14 abcdefgjikh 303
15 abcdefgjkhi 610
16 abcdefgjkih 316
17 abcdefgkhij 248
18 abcdefgkhji 617
19 abcdefgkihj 334
20 abcdefgkijh 437
21 abcdefgkjhi 868
22 abcdefgkjih 87
23 abcdefhgijk 773
24 abcdefhgikj 177
25 abcdefhgjik 326
26 abcdefhgjki 550
27 abcdefhgkij 369
28 abcdefhgkji 597
29 abcdefhigjk 229
# Sklep (id | nazwa | dzienne zapotrzebowanie)
0 abcdefhigkj 19
1 abcdefhijgk 753
2 abcdefhijkg 389
3 abcdefhikgj 577
4 abcdefhikjg 504
5 abcdefhjgik 10
6 abcdefhjgki 602
7 abcdefhjigk 357
8 abcdefhjikg 602
9 abcdefhjkgi 595
10 abcdefhjkig 916
11 abcdefhkgij 391
12 abcdefhkgji 183
13 abcdefhkigj 740
14 abcdefhkijg 34
15 abcdefhkjgi 420
16 abcdefhkjig 704
17 abcdefighjk 812
18 abcdefighkj 5
19 abcdefigjhk 329
20 abcdefigjkh 502
21 abcdefigkhj 380
22 abcdefigkjh 589
23 abcdefihgjk 805
24 abcdefihgkj 22
25 abcdefihjgk 590
26 abcdefihjkg 595
27 abcdefihkgj 524
28 abcdefihkjg 331
29 abcdefijghk 907
# Połączenia ferm i sklepów (id_fermy | id_sklepu | dzienna_maksymalna_liczba_przewożonych_jaj | koszt_przewozu_jednego_jaja)
0 0 284 6
0 1 6 2
0 2 219 6
0 3 52 8
0 4 61 5
0 5 34 10
0 6 80 4
0 7 195 10
0 8 264 10
0 9 144 4
0 10 45 1
0 11 283 6
0 12 81 10
0 13 9 2
0 14 185 8
0 15 28 7
0 16 241 1
0 17 151 8
0 18 57 10
0 19 112 9
0 20 169 9
0 21 148 9
0 22 218 8
0 23 220 9
0 24 150 9
0 25 25 6
0 26 48 5
0 27 80 9
0 28 104 10
0 29 260 2
1 0 232 9
1 1 185 6
1 2 140 10
1 3 35 1
1 4 6 8
1 5 118 9
1 6 62 9
1 7 263 7
1 8 100 4
1 9 66 7
1 10 247 1
1 11 269 8
1 12 101 3
1 13 181 3
1 14 3 8
1 15 136 10
1 16 195 1
1 17 275 3
1 18 12 3
1 19 49 3
1 20 190 4
1 21 7 9
1 22 245 10
1 23 197 8
1 24 106 3
1 25 241 10
1 26 292 2
1 27 175 2
1 28 101 1
1 29 53 8
2 0 14 10
2 1 279 5
2 2 110 6
2 3 153 4
2 4 177 6
2 5 268 3
2 6 140 7
2 7 47 7
2 8 17 5
2 9 15 7
2 10 25 4
2 11 181 6
2 12 192 4
2 13 158 3
2 14 48 8
2 15 231 5
2 16 196 8
2 17 215 3
2 18 119 8
2 19 9 8
2 20 17 7
2 21 86 8
2 22 297 6
2 23 6 7
2 24 199 8
2 25 38 5
2 26 253 7
2 27 159 2
2 28 233 8
2 29 88 8
3 0 17 3
3 1 249 1
3 2 133 9
3 3 282 7
3 4 136 4
3 5 130 4
3 6 97 3
3 7 242 8
3 8 236 3
3 9 285 4
3 10 106 7
3 11 93 4
3 12 225 2
3 13 245 2
3 14 63 2
3 15 144 1
3 16 160 6
3 17 38 9
3 18 202 1
3 19 206 4
3 20 249 9
3 21 100 6
3 22 116 4
3 23 192 9
3 24 182 2
3 25 46 9
3 26 140 10
3 27 263 3
3 28 81 10
3 29 40 10
4 0 123 10
4 1 258 1
4 2 66 7
4 3 298 9
4 4 235 7
4 5 90 2
4 6 23 9
4 7 107 4
4 8 152 5
4 9 140 2
4 10 26 7
4 11 123 6
4 12 161 9
4 13 210 5
4 14 175 1
4 15 49 7
4 16 241 1
4 17 74 7
4 18 135 4
4 19 125 8
4 20 119 5
4 21 89 4
4 22 94 8
4 23 235 5
4 24 149 1
4 25 42 10
4 26 105 6
4 27 42 10
4 28 222 8
4 29 81 4
5 0 197 9
5 1 235 10
5 2 136 8
5 3 188 10
5 4 270 6
5 5 215 6
5 6 3 9
5 7 5 2
5 8 41 5
5 9 232 4
5 10 272 5
5 11 98 4
5 12 27 8
5 13 169 6
5 14 131 1
5 15 267 10
5 16 243 1
5 17 33 7
5 18 253 3
5 19 76 8
5 20 84 8
5 21 96 5
5 22 23 10
5 23 193 9
5 24 148 6
5 25 14 2
5 26 277 1
5 27 28 5
5 28 7 6
5 29 231 4
6 0 187 4
6 1 14 6
6 2 186 5
6 3 73 2
6 4 259 6
6 5 234 7
6 6 164 6
6 7 229 5
6 8 274 10
6 9 217 8
6 10 109 9
6 11 198 2
6 12 43 5
6 13 0 3
6 14 270 10
6 15 151 9
6 16 147 1
6 17 281 7
6 18 274 7
6 19 154 6
6 20 179 3
6 21 202 6
6 22 235 2
6 23 272 9
6 24 240 2
6 25 129 1
6 26 221 7
6 27 94 10
6 28 106 1
6 29 30 8
7 0 79 8
7 1 159 2
7 2 258 8
7 3 240 6
7 4 190 2
7 5 203 9
7 6 229 4
7 7 37 4
7 8 1 10
7 9 286 5
7 10 198 2
7 11 61 9
7 12 59 4
7 13 15 2
7 14 64 7
7 15 283 9
7 16 138 7
7 17 78 5
7 18 157 10
7 19 83 8
7 20 130 3
7 21 18 9
7 22 216 1
7 23 213 6
7 24 101 7
7 25 160 3
7 26 248 8
7 27 61 1
7 28 5 2
7 29 74 5
8 0 30 7
8 1 73 7
8 2 193 5
8 3 64 4
8 4 108 10
8 5 83 3
8 6 95 4
8 7 258 2
8 8 168 2
8 9 251 6
8 10 51 9
8 11 16 2
8 12 13 7
8 13 25 9
8 14 111 4
8 15 113 8
8 16 219 7
8 17 297 6
8 18 130 6
8 19 141 10
8 20 226 10
8 21 126 5
8 22 161 7
8 23 251 9
8 24 143 5
8 25 24 4
8 26 209 8
8 27 12 1
8 28 74 9
8 29 133 1
9 0 42 6
9 1 242 1
9 2 25 1
9 3 200 7
9 4 9 1
9 5 229 4
9 6 191 2
9 7 17 7
9 8 44 6
9 9 53 5
9 10 114 2
9 11 150 2
9 12 36 3
9 13 266 6
9 14 2 4
9 15 114 9
9 16 166 5
9 17 135 3
9 18 140 1
9 19 44 7
9 20 63 4
9 21 48 9
9 22 68 3
9 23 240 8
9 24 231 5
9 25 25 2
9 26 88 9
9 27 267 2
9 28 71 1
9 29 100 10
10 0 162 3
10 1 142 8
10 2 26 5
10 3 34 9
10 4 113 10
10 5 39 2
10 6 0 4
10 7 86 2
10 8 249 3
10 9 132 10
10 10 154 9
10 11 121 4
10 12 55 7
10 13 158 4
10 14 23 2
10 15 133 2
10 16 238 2
10 17 78 6
10 18 75 2
10 19 210 9
10 20 80 9
10 21 144 7
10 22 67 3
10 23 128 3
10 24 49 8
10 25 143 4
10 26 18 1
10 27 30 1
10 28 199 5
10 29 122 7
11 0 215 2
11 1 280 2
11 2 173 1
11 3 231 3
11 4 200 7
11 5 203 7
11 6 204 1
11 7 166 1
11 8 289 5
11 9 56 6
11 10 273 5
11 11 139 5
11 12 267 9
11 13 208 8
11 14 93 5
11 15 77 6
11 16 169 2
11 17 95 10
11 18 36 5
11 19 291 6
11 20 38 10
11 21 280 10
11 22 38 8
11 23 63 6
11 24 261 1
11 25 87 8
11 26 117 2
11 27 266 1
11 28 288 5
11 29 108 3
12 0 236 7
12 1 154 4
12 2 85 10
12 3 157 5
12 4 18 9
12 5 32 8
12 6 25 3
12 7 183 8
12 8 157 4
12 9 74 9
12 10 52 9
12 11 238 4
12 12 100 9
12 13 126 3
12 14 37 6
12 15 248 4
12 16 218 2
12 17 33 1
12 18 173 6
12 19 150 4
12 20 299 9
12 21 41 9
12 22 208 3
12 23 243 9
12 24 130 2
12 25 55 2
12 26 241 1
12 27 119 6
12 28 102 1
12 29 162 2
13 0 52 8
13 1 282 6
13 2 116 10
13 3 142 8
13 4 278 10
13 5 186 4
13 6 189 3
13 7 221 1
13 8 207 4
13 9 196 1
13 10 181 10
13 11 242 2
13 12 13 4
13 13 248 9
13 14 88 4
13 15 37 6
13 16 71 9
13 17 56 6
13 18 0 5
13 19 129 7
13 20 258 1
13 21 245 4
13 22 182 5
13 23 94 9
13 24 251 6
13 25 274 1
13 26 125 6
13 27 187 4
13 28 60 10
13 29 67 10
14 0 186 9
14 1 261 2
14 2 210 10
14 3 256 2
14 4 198 7
14 5 186 9
14 6 5 8
14 7 271 10
14 8 298 5
14 9 295 3
14 10 208 2
14 11 278 7
14 12 66 9
14 13 94 2
14 14 45 9
14 15 22 9
14 16 143 2
14 17 29 3
14 18 90 5
14 19 97 4
14 20 194 7
14 21 257 1
14 22 127 7
14 23 9 6
14 24 218 6
14 25 108 1
14 26 253 3
14 27 270 4
14 28 137 10
14 29 111 9
15 0 212 4
15 1 56 9
15 2 268 9
15 3 281 3
15 4 6 6
15 5 258 9
15 6 262 2
15 7 66 7
15 8 163 2
15 9 201 3
15 10 74 1
15 11 233 5
15 12 271 3
15 13 47 7
15 14 22 9
15 15 275 1
15 16 106 2
15 17 77 10
15 18 256 3
15 19 209 8
15 20 32 4
15 21 253 3
15 22 137 10
15 23 222 2
15 24 165 1
15 25 288 10
15 26 93 4
15 27 86 4
15 28 249 2
15 29 106 7
16 0 168 9
16 1 264 7
16 2 83 7
16 3 93 9
16 4 296 2
16 5 121 1
16 6 41 2
16 7 293 6
16 8 205 9
16 9 279 2
16 10 58 10
16 11 247 3
16 12 191 5
16 13 131 7
16 14 88 3
16 15 73 10
16 16 208 5
16 17 43 10
16 18 139 9
16 19 280 9
16 20 32 8
16 21 37 3
16 22 219 3
16 23 22 10
16 24 283 7
16 25 78 2
16 26 210 6
16 27 180 9
16 28 110 9
16 29 80 4
17 0 24 2
17 1 277 6
17 2 101 2
17 3 161 7
17 4 72 4
17 5 274 8
17 6 267 2
17 7 97 7
17 8 158 2
17 9 84 4
17 10 106 1
17 11 140 3
17 12 124 6
17 13 129 9
17 14 11 2
17 15 66 9
17 16 68 1
17 17 43 1
17 18 96 2
17 19 112 8
17 20 197 2
17 21 247 1
17 22 293 7
17 23 154 7
17 24 126 2
17 25 187 3
17 26 270 4
17 27 67 3
17 28 49 8
17 29 164 5
18 0 253 4
18 1 163 2
18 2 76 4
18 3 130 3
18 4 237 4
18 5 6 3
18 6 28 3
18 7 171 9
18 8 263 4
18 9 110 10
18 10 57 6
18 11 139 9
18 12 161 2
18 13 213 3
18 14 36 8
18 15 255 4
18 16 46 4
18 17 200 10
18 18 106 4
18 19 225 4
18 20 283 2
18 21 205 9
18 22 57 5
18 23 282 2
18 24 249 4
18 25 182 3
18 26 170 9
18 27 81 9
18 28 21 7
18 29 245 2
19 0 50 7
19 1 237 5
19 2 226 3
19 3 154 1
19 4 259 9
19 5 22 3
19 6 91 10
19 7 51 7
19 8 50 7
19 9 112 6
19 10 282 10
19 11 175 10
19 12 251 6
19 13 115 6
19 14 150 7
19 15 46 6
19 16 90 2
19 17 45 6
19 18 254 10
19 19 215 3
19 20 10 9
19 21 8 5
19 22 240 5
19 23 135 2
19 24 144 6
19 25 166 1
19 26 287 7
19 27 299 2
19 28 29 1
19 29 282 2
20 0 5 6
20 1 182 4
20 2 1 2
20 3 45 4
20 4 14 5
20 5 57 3
20 6 241 3
20 7 35 5
20 8 99 7
20 9 297 8
20 10 54 3
20 11 174 4
20 12 108 4
20 13 192 1
20 14 71 10
20 15 219 8
20 16 134 9
20 17 136 7
20 18 99 5
20 19 4 4
20 20 181 8
20 21 70 8
20 22 140 4
20 23 191 3
20 24 127 4
20 25 293 10
20 26 97 6
20 27 201 9
20 28 148 8
20 29 197 6
21 0 53 9
21 1 192 10
21 2 76 1
21 3 236 7
21 4 107 3
21 5 186 8
21 6 220 3
21 7 292 2
21 8 172 10
21 9 228 8
21 10 9 1
21 11 94 3
21 12 4 5
21 13 180 4
21 14 267 9
21 15 177 9
21 16 261 3
21 17 107 9
21 18 259 2
21 19 30 10
21 20 289 4
21 21 287 8
21 22 154 10
21 23 278 1
21 24 73 5
21 25 162 6
21 26 152 2
21 27 122 9
21 28 41 9
21 29 5 8
22 0 286 5
22 1 146 7
22 2 85 9
22 3 226 2
22 4 173 6
22 5 46 7
22 6 19 6
22 7 171 9
22 8 228 1
22 9 31 10
22 10 254 6
22 11 245 6
22 12 121 5
22 13 181 10
22 14 184 9
22 15 206 9
22 16 245 6
22 17 31 7
22 18 221 5
22 19 219 3
22 20 191 10
22 21 60 9
22 22 174 5
22 23 198 10
22 24 249 4
22 25 169 7
22 26 99 9
22 27 257 9
22 28 108 7
22 29 153 3
23 0 282 6
23 1 278 8
23 2 211 1
23 3 208 3
23 4 10 5
23 5 248 3
23 6 216 2
23 7 200 3
23 8 241 7
23 9 65 2
23 10 42 7
23 11 159 10
23 12 270 4
23 13 214 3
23 14 88 10
23 15 139 7
23 16 27 1
23 17 212 8
23 18 173 1
23 19 69 10
23 20 231 7
23 21 47 6
23 22 106 8
23 23 74 3
23 24 214 5
23 25 194 7
23 26 127 10
23 27 53 5
23 28 164 4
23 29 96 9
24 0 202 3
24 1 291 3
24 2 114 3
24 3 170 1
24 4 10 6
24 5 122 1
24 6 270 8
24 7 143 9
24 8 77 7
24 9 38 2
24 10 193 8
24 11 278 3
24 12 247 6
24 13 283 5
24 14 24 1
24 15 148 1
24 16 209 8
24 17 173 5
24 18 48 7
24 19 275 10
24 20 163 6
24 21 191 1
24 22 88 7
24 23 264 3
24 24 34 7
24 25 269 1
24 26 287 10
24 27 178 2
24 28 67 8
24 29 161 5
25 0 28 9
25 1 248 8
25 2 294 5
25 3 166 1
25 4 8 10
25 5 83 10
25 6 91 1
25 7 248 10
25 8 219 1
25 9 6 8
25 10 209 5
25 11 217 10
25 12 12 3
25 13 112 2
25 14 178 9
25 15 87 7
25 16 64 9
25 17 106 5
25 18 232 5
25 19 100 1
25 20 279 9
25 21 218 10
25 22 115 6
25 23 181 4
25 24 71 9
25 25 293 5
25 26 289 3
25 27 192 2
25 28 23 8
25 29 238 1
26 0 261 5
26 1 106 5
26 2 97 9
26 3 32 6
26 4 224 10
26 5 121 5
26 6 157 2
26 7 0 2
26 8 11 7
26 9 26 10
26 10 96 2
26 11 253 7
26 12 19 7
26 13 76 5
26 14 17 7
26 15 142 9
26 16 255 7
26 17 244 3
26 18 195 6
26 19 100 6
26 20 294 9
26 21 55 1
26 22 105 7
26 23 185 10
26 24 46 10
26 25 104 3
26 26 112 5
26 27 42 9
26 28 166 8
26 29 107 8
27 0 65 6
27 1 46 10
27 2 21 3
27 3 146 9
27 4 201 2
27 5 85 4
27 6 153 10
27 7 248 9
27 8 199 10
27 9 157 3
27 10 109 6
27 11 49 3
27 12 222 9
27 13 216 3
27 14 191 6
27 15 135 2
27 16 112 4
27 17 269 4
27 18 279 5
27 19 273 8
27 20 132 3
27 21 258 8
27 22 209 9
27 23 291 7
27 24 88 2
27 25 1 8
27 26 183 7
27 27 110 1
27 28 192 5
27 29 68 9
28 0 277 9
28 1 230 5
28 2 109 7
28 3 59 4
28 4 140 8
28 5 263 5
28 6 147 4
28 7 25 3
28 8 55 1
28 9 291 9
28 10 28 9
28 11 35 10
28 12 241 4
28 13 56 4
28 14 3 1
28 15 80 2
28 16 65 8
28 17 171 1
28 18 17 9
28 19 167 9
28 20 136 2
28 21 178 10
28 22 211 9
28 23 157 3
28 24 211 10
28 25 206 4
28 26 214 3
28 27 176 3
28 28 10 4
28 29 266 6
29 0 174 7
29 1 209 9
29 2 287 6
29 3 90 5
29 4 268 3
29 5 111 4
29 6 160 7
29 7 252 3
29 8 295 4
29 9 190 1
29 10 188 10
29 11 111 3
29 12 183 1
29 13 5 7
29 14 79 8
29 15 39 10
29 16 61 7
29 17 240 10
29 18 230 2
29 19 103 9
29 20 169 5
29 21 38 3
29 22 296 1
29 23 79 1
29 24 148 6
29 25 292 6
29 26 251 10
29 27 190 5
29 28 147 2
29 29 168 2